a_ij = 0
0 4
0 12
0 36
0 108
0 244
0 324
1 3
1 5
1 13
1 37
1 109
1 243
1 245
1 325
2 4
2 14
2 38
2 110
2 244
2 326
3 1
3 7
3 9
3 15
3 39
3 111
3 247
3 327
4 0
4 2
4 6
4 8
4 10
4 16
4 40
4 112
4 246
4 248
4 328
5 1
5 7
5 11
5 17
5 41
5 113
5 247
5 329
6 4
6 12
6 42
6 114
6 250
6 330
7 3
7 5
7 13
7 43
7 115
7 249
7 251
7 331
8 4
8 14
8 44
8 116
8 250
8 332
9 3
9 13
9 21
9 27
9 45
9 117
9 253
9 333
10 4
10 12
10 14
10 22
10 28
10 46
10 118
10 252
10 254
10 334
11 5
11 13
11 23
11 29
11 47
11 119
11 253
11 335
12 0
12 6
12 10
12 16
12 18
12 24
12 30
12 48
12 120
12 256
12 336
13 1
13 7
13 9
13 11
13 15
13 17
13 19
13 25
13 31
13 49
13 121
13 255
13 257
13 337
14 2
14 8
14 10
14 16
14 20
14 26
14 32
14 50
14 122
14 256
14 338
15 3
15 13
15 21
15 33
15 51
15 123
15 259
15 339
16 4
16 12
16 14
16 22
16 34
16 52
16 124
16 258
16 260
16 340
17 5
17 13
17 23
17 35
17 53
17 125
17 259
17 341
18 12
18 22
18 36
18 126
18 262
18 342
19 13
19 21
19 23
19 37
19 127
19 261
19 263
19 343
20 14
20 22
20 38
20 128
20 262
20 344
21 9
21 15
21 19
21 25
21 39
21 129
21 265
21 345
22 10
22 16
22 18
22 20
22 24
22 26
22 40
22 130
22 264
22 266
22 346
23 11
23 17
23 19
23 25
23 41
23 131
23 265
23 347
24 12
24 22
24 42
24 132
24 268
24 348
25 13
25 21
25 23
25 43
25 133
25 267
25 269
25 349
26 14
26 22
26 44
26 134
26 268
26 350
27 9
27 31
27 39
27 63
27 81
27 135
27 271
27 351
28 10
28 30
28 32
28 40
28 64
28 82
28 136
28 270
28 272
28 352
29 11
29 31
29 41
29 65
29 83
29 137
29 271
29 353
30 12
30 28
30 34
30 36
30 42
30 66
30 84
30 138
30 274
30 354
31 13
31 27
31 29
31 33
31 35
31 37
31 43
31 67
31 85
31 139
31 273
31 275
31 355
32 14
32 28
32 34
32 38
32 44
32 68
32 86
32 140
32 274
32 356
33 15
33 31
33 39
33 69
33 87
33 141
33 277
33 357
34 16
34 30
34 32
34 40
34 70
34 88
34 142
34 276
34 278
34 358
35 17
35 31
35 41
35 71
35 89
35 143
35 277
35 359
36 0
36 18
36 30
36 40
36 48
36 54
36 72
36 90
36 144
36 280
36 360
37 1
37 19
37 31
37 39
37 41
37 49
37 55
37 73
37 91
37 145
37 279
37 281
37 361
38 2
38 20
38 32
38 40
38 50
38 56
38 74
38 92
38 146
38 280
38 362
39 3
39 21
39 27
39 33
39 37
39 43
39 45
39 51
39 57
39 75
39 93
39 147
39 283
39 363
40 4
40 22
40 28
40 34
40 36
40 38
40 42
40 44
40 46
40 52
40 58
40 76
40 94
40 148
40 282
40 284
40 364
41 5
41 23
41 29
41 35
41 37
41 43
41 47
41 53
41 59
41 77
41 95
41 149
41 283
41 365
42 6
42 24
42 30
42 40
42 48
42 60
42 78
42 96
42 150
42 286
42 366
43 7
43 25
43 31
43 39
43 41
43 49
43 61
43 79
43 97
43 151
43 285
43 287
43 367
44 8
44 26
44 32
44 40
44 50
44 62
44 80
44 98
44 152
44 286
44 368
45 9
45 39
45 49
45 63
45 99
45 153
45 289
45 369
46 10
46 40
46 48
46 50
46 64
46 100
46 154
46 288
46 290
46 370
47 11
47 41
47 49
47 65
47 101
47 155
47 289
47 371
48 12
48 36
48 42
48 46
48 52
48 66
48 102
48 156
48 292
48 372
49 13
49 37
49 43
49 45
49 47
49 51
49 53
49 67
49 103
49 157
49 291
49 293
49 373
50 14
50 38
50 44
50 46
50 52
50 68
50 104
50 158
50 292
50 374
51 15
51 39
51 49
51 69
51 105
51 159
51 295
51 375
52 16
52 40
52 48
52 50
52 70
52 106
52 160
52 294
52 296
52 376
53 17
53 41
53 49
53 71
53 107
53 161
53 295
53 377
54 36
54 58
54 66
54 108
54 298
54 378
55 37
55 57
55 59
55 67
55 109
55 297
55 299
55 379
56 38
56 58
56 68
56 110
56 298
56 380
57 39
57 55
57 61
57 63
57 69
57 111
57 301
57 381
58 40
58 54
58 56
58 60
58 62
58 64
58 70
58 112
58 300
58 302
58 382
59 41
59 55
59 61
59 65
59 71
59 113
59 301
59 383
60 42
60 58
60 66
60 114
60 304
60 384
61 43
61 57
61 59
61 67
61 115
61 303
61 305
61 385
62 44
62 58
62 68
62 116
62 304
62 386
63 27
63 45
63 57
63 67
63 75
63 117
63 307
63 387
64 28
64 46
64 58
64 66
64 68
64 76
64 118
64 306
64 308
64 388
65 29
65 47
65 59
65 67
65 77
65 119
65 307
65 389
66 30
66 48
66 54
66 60
66 64
66 70
66 72
66 78
66 120
66 310
66 390
67 31
67 49
67 55
67 61
67 63
67 65
67 69
67 71
67 73
67 79
67 121
67 309
67 311
67 391
68 32
68 50
68 56
68 62
68 64
68 70
68 74
68 80
68 122
68 310
68 392
69 33
69 51
69 57
69 67
69 75
69 123
69 313
69 393
70 34
70 52
70 58
70 66
70 68
70 76
70 124
70 312
70 314
70 394
71 35
71 53
71 59
71 67
71 77
71 125
71 313
71 395
72 36
72 66
72 76
72 126
72 316
72 396
73 37
73 67
73 75
73 77
73 127
73 315
73 317
73 397
74 38
74 68
74 76
74 128
74 316
74 398
75 39
75 63
75 69
75 73
75 79
75 129
75 319
75 399
76 40
76 64
76 70
76 72
76 74
76 78
76 80
76 130
76 318
76 320
76 400
77 41
77 65
77 71
77 73
77 79
77 131
77 319
77 401
78 42
78 66
78 76
78 132
78 322
78 402
79 43
79 67
79 75
79 77
79 133
79 321
79 323
79 403
80 44
80 68
80 76
80 134
80 322
80 404
81 27
81 85
81 93
81 117
81 189
81 243
81 325
81 405
82 28
82 84
82 86
82 94
82 118
82 190
82 244
82 324
82 326
82 406
83 29
83 85
83 95
83 119
83 191
83 245
83 325
83 407
84 30
84 82
84 88
84 90
84 96
84 120
84 192
84 246
84 328
84 408
85 31
85 81
85 83
85 87
85 89
85 91
85 97
85 121
85 193
85 247
85 327
85 329
85 409
86 32
86 82
86 88
86 92
86 98
86 122
86 194
86 248
86 328
86 410
87 33
87 85
87 93
87 123
87 195
87 249
87 331
87 411
88 34
88 84
88 86
88 94
88 124
88 196
88 250
88 330
88 332
88 412
89 35
89 85
89 95
89 125
89 197
89 251
89 331
89 413
90 36
90 84
90 94
90 102
90 108
90 126
90 198
90 252
90 334
90 414
91 37
91 85
91 93
91 95
91 103
91 109
91 127
91 199
91 253
91 333
91 335
91 415
92 38
92 86
92 94
92 104
92 110
92 128
92 200
92 254
92 334
92 416
93 39
93 81
93 87
93 91
93 97
93 99
93 105
93 111
93 129
93 201
93 255
93 337
93 417
94 40
94 82
94 88
94 90
94 92
94 96
94 98
94 100
94 106
94 112
94 130
94 202
94 256
94 336
94 338
94 418
95 41
95 83
95 89
95 91
95 97
95 101
95 107
95 113
95 131
95 203
95 257
95 337
95 419
96 42
96 84
96 94
96 102
96 114
96 132
96 204
96 258
96 340
96 420
97 43
97 85
97 93
97 95
97 103
97 115
97 133
97 205
97 259
97 339
97 341
97 421
98 44
98 86
98 94
98 104
98 116
98 134
98 206
98 260
98 340
98 422
99 45
99 93
99 103
99 117
99 207
99 261
99 343
99 423
100 46
100 94
100 102
100 104
100 118
100 208
100 262
100 342
100 344
100 424
101 47
101 95
101 103
101 119
101 209
101 263
101 343
101 425
102 48
102 90
102 96
102 100
102 106
102 120
102 210
102 264
102 346
102 426
103 49
103 91
103 97
103 99
103 101
103 105
103 107
103 121
103 211
103 265
103 345
103 347
103 427
104 50
104 92
104 98
104 100
104 106
104 122
104 212
104 266
104 346
104 428
105 51
105 93
105 103
105 123
105 213
105 267
105 349
105 429
106 52
106 94
106 102
106 104
106 124
106 214
106 268
106 348
106 350
106 430
107 53
107 95
107 103
107 125
107 215
107 269
107 349
107 431
108 0
108 54
108 90
108 112
108 120
108 144
108 162
108 216
108 270
108 352
108 432
109 1
109 55
109 91
109 111
109 113
109 121
109 145
109 163
109 217
109 271
109 351
109 353
109 433
110 2
110 56
110 92
110 112
110 122
110 146
110 164
110 218
110 272
110 352
110 434
111 3
111 57
111 93
111 109
111 115
111 117
111 123
111 147
111 165
111 219
111 273
111 355
111 435
112 4
112 58
112 94
112 108
112 110
112 114
112 116
112 118
112 124
112 148
112 166
112 220
112 274
112 354
112 356
112 436
113 5
113 59
113 95
113 109
113 115
113 119
113 125
113 149
113 167
113 221
113 275
113 355
113 437
114 6
114 60
114 96
114 112
114 120
114 150
114 168
114 222
114 276
114 358
114 438
115 7
115 61
115 97
115 111
115 113
115 121
115 151
115 169
115 223
115 277
115 357
115 359
115 439
116 8
116 62
116 98
116 112
116 122
116 152
116 170
116 224
116 278
116 358
116 440
117 9
117 63
117 81
117 99
117 111
117 121
117 129
117 135
117 153
117 171
117 225
117 279
117 361
117 441
118 10
118 64
118 82
118 100
118 112
118 120
118 122
118 130
118 136
118 154
118 172
118 226
118 280
118 360
118 362
118 442
119 11
119 65
119 83
119 101
119 113
119 121
119 131
119 137
119 155
119 173
119 227
119 281
119 361
119 443
120 12
120 66
120 84
120 102
120 108
120 114
120 118
120 124
120 126
120 132
120 138
120 156
120 174
120 228
120 282
120 364
120 444
121 13
121 67
121 85
121 103
121 109
121 115
121 117
121 119
121 123
121 125
121 127
121 133
121 139
121 157
121 175
121 229
121 283
121 363
121 365
121 445
122 14
122 68
122 86
122 104
122 110
122 116
122 118
122 124
122 128
122 134
122 140
122 158
122 176
122 230
122 284
122 364
122 446
123 15
123 69
123 87
123 105
123 111
123 121
123 129
123 141
123 159
123 177
123 231
123 285
123 367
123 447
124 16
124 70
124 88
124 106
124 112
124 120
124 122
124 130
124 142
124 160
124 178
124 232
124 286
124 366
124 368
124 448
125 17
125 71
125 89
125 107
125 113
125 121
125 131
125 143
125 161
125 179
125 233
125 287
125 367
125 449
126 18
126 72
126 90
126 120
126 130
126 144
126 180
126 234
126 288
126 370
126 450
127 19
127 73
127 91
127 121
127 129
127 131
127 145
127 181
127 235
127 289
127 369
127 371
127 451
128 20
128 74
128 92
128 122
128 130
128 146
128 182
128 236
128 290
128 370
128 452
129 21
129 75
129 93
129 117
129 123
129 127
129 133
129 147
129 183
129 237
129 291
129 373
129 453
130 22
130 76
130 94
130 118
130 124
130 126
130 128
130 132
130 134
130 148
130 184
130 238
130 292
130 372
130 374
130 454
131 23
131 77
131 95
131 119
131 125
131 127
131 133
131 149
131 185
131 239
131 293
131 373
131 455
132 24
132 78
132 96
132 120
132 130
132 150
132 186
132 240
132 294
132 376
132 456
133 25
133 79
133 97
133 121
133 129
133 131
133 151
133 187
133 241
133 295
133 375
133 377
133 457
134 26
134 80
134 98
134 122
134 130
134 152
134 188
134 242
134 296
134 376
134 458
135 27
135 117
135 139
135 147
135 189
135 297
135 379
135 459
136 28
136 118
136 138
136 140
136 148
136 190
136 298
136 378
136 380
136 460
137 29
137 119
137 139
137 149
137 191
137 299
137 379
137 461
138 30
138 120
138 136
138 142
138 144
138 150
138 192
138 300
138 382
138 462
139 31
139 121
139 135
139 137
139 141
139 143
139 145
139 151
139 193
139 301
139 381
139 383
139 463
140 32
140 122
140 136
140 142
140 146
140 152
140 194
140 302
140 382
140 464
141 33
141 123
141 139
141 147
141 195
141 303
141 385
141 465
142 34
142 124
142 138
142 140
142 148
142 196
142 304
142 384
142 386
142 466
143 35
143 125
143 139
143 149
143 197
143 305
143 385
143 467
144 36
144 108
144 126
144 138
144 148
144 156
144 198
144 306
144 388
144 468
145 37
145 109
145 127
145 139
145 147
145 149
145 157
145 199
145 307
145 387
145 389
145 469
146 38
146 110
146 128
146 140
146 148
146 158
146 200
146 308
146 388
146 470
147 39
147 111
147 129
147 135
147 141
147 145
147 151
147 153
147 159
147 201
147 309
147 391
147 471
148 40
148 112
148 130
148 136
148 142
148 144
148 146
148 150
148 152
148 154
148 160
148 202
148 310
148 390
148 392
148 472
149 41
149 113
149 131
149 137
149 143
149 145
149 151
149 155
149 161
149 203
149 311
149 391
149 473
150 42
150 114
150 132
150 138
150 148
150 156
150 204
150 312
150 394
150 474
151 43
151 115
151 133
151 139
151 147
151 149
151 157
151 205
151 313
151 393
151 395
151 475
152 44
152 116
152 134
152 140
152 148
152 158
152 206
152 314
152 394
152 476
153 45
153 117
153 147
153 157
153 207
153 315
153 397
153 477
154 46
154 118
154 148
154 156
154 158
154 208
154 316
154 396
154 398
154 478
155 47
155 119
155 149
155 157
155 209
155 317
155 397
155 479
156 48
156 120
156 144
156 150
156 154
156 160
156 210
156 318
156 400
156 480
157 49
157 121
157 145
157 151
157 153
157 155
157 159
157 161
157 211
157 319
157 399
157 401
157 481
158 50
158 122
158 146
158 152
158 154
158 160
158 212
158 320
158 400
158 482
159 51
159 123
159 147
159 157
159 213
159 321
159 403
159 483
160 52
160 124
160 148
160 156
160 158
160 214
160 322
160 402
160 404
160 484
161 53
161 125
161 149
161 157
161 215
161 323
161 403
161 485
162 108
162 166
162 174
162 198
162 324
162 406
163 109
163 165
163 167
163 175
163 199
163 325
163 405
163 407
164 110
164 166
164 176
164 200
164 326
164 406
165 111
165 163
165 169
165 171
165 177
165 201
165 327
165 409
166 112
166 162
166 164
166 168
166 170
166 172
166 178
166 202
166 328
166 408
166 410
167 113
167 163
167 169
167 173
167 179
167 203
167 329
167 409
168 114
168 166
168 174
168 204
168 330
168 412
169 115
169 165
169 167
169 175
169 205
169 331
169 411
169 413
170 116
170 166
170 176
170 206
170 332
170 412
171 117
171 165
171 175
171 183
171 189
171 207
171 333
171 415
172 118
172 166
172 174
172 176
172 184
172 190
172 208
172 334
172 414
172 416
173 119
173 167
173 175
173 185
173 191
173 209
173 335
173 415
174 120
174 162
174 168
174 172
174 178
174 180
174 186
174 192
174 210
174 336
174 418
175 121
175 163
175 169
175 171
175 173
175 177
175 179
175 181
175 187
175 193
175 211
175 337
175 417
175 419
176 122
176 164
176 170
176 172
176 178
176 182
176 188
176 194
176 212
176 338
176 418
177 123
177 165
177 175
177 183
177 195
177 213
177 339
177 421
178 124
178 166
178 174
178 176
178 184
178 196
178 214
178 340
178 420
178 422
179 125
179 167
179 175
179 185
179 197
179 215
179 341
179 421
180 126
180 174
180 184
180 198
180 342
180 424
181 127
181 175
181 183
181 185
181 199
181 343
181 423
181 425
182 128
182 176
182 184
182 200
182 344
182 424
183 129
183 171
183 177
183 181
183 187
183 201
183 345
183 427
184 130
184 172
184 178
184 180
184 182
184 186
184 188
184 202
184 346
184 426
184 428
185 131
185 173
185 179
185 181
185 187
185 203
185 347
185 427
186 132
186 174
186 184
186 204
186 348
186 430
187 133
187 175
187 183
187 185
187 205
187 349
187 429
187 431
188 134
188 176
188 184
188 206
188 350
188 430
189 81
189 135
189 171
189 193
189 201
189 225
189 351
189 433
190 82
190 136
190 172
190 192
190 194
190 202
190 226
190 352
190 432
190 434
191 83
191 137
191 173
191 193
191 203
191 227
191 353
191 433
192 84
192 138
192 174
192 190
192 196
192 198
192 204
192 228
192 354
192 436
193 85
193 139
193 175
193 189
193 191
193 195
193 197
193 199
193 205
193 229
193 355
193 435
193 437
194 86
194 140
194 176
194 190
194 196
194 200
194 206
194 230
194 356
194 436
195 87
195 141
195 177
195 193
195 201
195 231
195 357
195 439
196 88
196 142
196 178
196 192
196 194
196 202
196 232
196 358
196 438
196 440
197 89
197 143
197 179
197 193
197 203
197 233
197 359
197 439
198 90
198 144
198 162
198 180
198 192
198 202
198 210
198 216
198 234
198 360
198 442
199 91
199 145
199 163
199 181
199 193
199 201
199 203
199 211
199 217
199 235
199 361
199 441
199 443
200 92
200 146
200 164
200 182
200 194
200 202
200 212
200 218
200 236
200 362
200 442
201 93
201 147
201 165
201 183
201 189
201 195
201 199
201 205
201 207
201 213
201 219
201 237
201 363
201 445
202 94
202 148
202 166
202 184
202 190
202 196
202 198
202 200
202 204
202 206
202 208
202 214
202 220
202 238
202 364
202 444
202 446
203 95
203 149
203 167
203 185
203 191
203 197
203 199
203 205
203 209
203 215
203 221
203 239
203 365
203 445
204 96
204 150
204 168
204 186
204 192
204 202
204 210
204 222
204 240
204 366
204 448
205 97
205 151
205 169
205 187
205 193
205 201
205 203
205 211
205 223
205 241
205 367
205 447
205 449
206 98
206 152
206 170
206 188
206 194
206 202
206 212
206 224
206 242
206 368
206 448
207 99
207 153
207 171
207 201
207 211
207 225
207 369
207 451
208 100
208 154
208 172
208 202
208 210
208 212
208 226
208 370
208 450
208 452
209 101
209 155
209 173
209 203
209 211
209 227
209 371
209 451
210 102
210 156
210 174
210 198
210 204
210 208
210 214
210 228
210 372
210 454
211 103
211 157
211 175
211 199
211 205
211 207
211 209
211 213
211 215
211 229
211 373
211 453
211 455
212 104
212 158
212 176
212 200
212 206
212 208
212 214
212 230
212 374
212 454
213 105
213 159
213 177
213 201
213 211
213 231
213 375
213 457
214 106
214 160
214 178
214 202
214 210
214 212
214 232
214 376
214 456
214 458
215 107
215 161
215 179
215 203
215 211
215 233
215 377
215 457
216 108
216 198
216 220
216 228
216 378
216 460
217 109
217 199
217 219
217 221
217 229
217 379
217 459
217 461
218 110
218 200
218 220
218 230
218 380
218 460
219 111
219 201
219 217
219 223
219 225
219 231
219 381
219 463
220 112
220 202
220 216
220 218
220 222
220 224
220 226
220 232
220 382
220 462
220 464
221 113
221 203
221 217
221 223
221 227
221 233
221 383
221 463
222 114
222 204
222 220
222 228
222 384
222 466
223 115
223 205
223 219
223 221
223 229
223 385
223 465
223 467
224 116
224 206
224 220
224 230
224 386
224 466
225 117
225 189
225 207
225 219
225 229
225 237
225 387
225 469
226 118
226 190
226 208
226 220
226 228
226 230
226 238
226 388
226 468
226 470
227 119
227 191
227 209
227 221
227 229
227 239
227 389
227 469
228 120
228 192
228 210
228 216
228 222
228 226
228 232
228 234
228 240
228 390
228 472
229 121
229 193
229 211
229 217
229 223
229 225
229 227
229 231
229 233
229 235
229 241
229 391
229 471
229 473
230 122
230 194
230 212
230 218
230 224
230 226
230 232
230 236
230 242
230 392
230 472
231 123
231 195
231 213
231 219
231 229
231 237
231 393
231 475
232 124
232 196
232 214
232 220
232 228
232 230
232 238
232 394
232 474
232 476
233 125
233 197
233 215
233 221
233 229
233 239
233 395
233 475
234 126
234 198
234 228
234 238
234 396
234 478
235 127
235 199
235 229
235 237
235 239
235 397
235 477
235 479
236 128
236 200
236 230
236 238
236 398
236 478
237 129
237 201
237 225
237 231
237 235
237 241
237 399
237 481
238 130
238 202
238 226
238 232
238 234
238 236
238 240
238 242
238 400
238 480
238 482
239 131
239 203
239 227
239 233
239 235
239 241
239 401
239 481
240 132
240 204
240 228
240 238
240 402
240 484
241 133
241 205
241 229
241 237
241 239
241 403
241 483
241 485
242 134
242 206
242 230
242 238
242 404
242 484
243 1
243 81
243 247
243 255
243 279
243 351
243 487
243 567
244 0
244 2
244 82
244 246
244 248
244 256
244 280
244 352
244 486
244 488
244 568
245 1
245 83
245 247
245 257
245 281
245 353
245 487
245 569
246 4
246 84
246 244
246 250
246 252
246 258
246 282
246 354
246 490
246 570
247 3
247 5
247 85
247 243
247 245
247 249
247 251
247 253
247 259
247 283
247 355
247 489
247 491
247 571
248 4
248 86
248 244
248 250
248 254
248 260
248 284
248 356
248 490
248 572
249 7
249 87
249 247
249 255
249 285
249 357
249 493
249 573
250 6
250 8
250 88
250 246
250 248
250 256
250 286
250 358
250 492
250 494
250 574
251 7
251 89
251 247
251 257
251 287
251 359
251 493
251 575
252 10
252 90
252 246
252 256
252 264
252 270
252 288
252 360
252 496
252 576
253 9
253 11
253 91
253 247
253 255
253 257
253 265
253 271
253 289
253 361
253 495
253 497
253 577
254 10
254 92
254 248
254 256
254 266
254 272
254 290
254 362
254 496
254 578
255 13
255 93
255 243
255 249
255 253
255 259
255 261
255 267
255 273
255 291
255 363
255 499
255 579
256 12
256 14
256 94
256 244
256 250
256 252
256 254
256 258
256 260
256 262
256 268
256 274
256 292
256 364
256 498
256 500
256 580
257 13
257 95
257 245
257 251
257 253
257 259
257 263
257 269
257 275
257 293
257 365
257 499
257 581
258 16
258 96
258 246
258 256
258 264
258 276
258 294
258 366
258 502
258 582
259 15
259 17
259 97
259 247
259 255
259 257
259 265
259 277
259 295
259 367
259 501
259 503
259 583
260 16
260 98
260 248
260 256
260 266
260 278
260 296
260 368
260 502
260 584
261 19
261 99
261 255
261 265
261 279
261 369
261 505
261 585
262 18
262 20
262 100
262 256
262 264
262 266
262 280
262 370
262 504
262 506
262 586
263 19
263 101
263 257
263 265
263 281
263 371
263 505
263 587
264 22
264 102
264 252
264 258
264 262
264 268
264 282
264 372
264 508
264 588
265 21
265 23
265 103
265 253
265 259
265 261
265 263
265 267
265 269
265 283
265 373
265 507
265 509
265 589
266 22
266 104
266 254
266 260
266 262
266 268
266 284
266 374
266 508
266 590
267 25
267 105
267 255
267 265
267 285
267 375
267 511
267 591
268 24
268 26
268 106
268 256
268 264
268 266
268 286
268 376
268 510
268 512
268 592
269 25
269 107
269 257
269 265
269 287
269 377
269 511
269 593
270 28
270 108
270 252
270 274
270 282
270 306
270 324
270 378
270 514
270 594
271 27
271 29
271 109
271 253
271 273
271 275
271 283
271 307
271 325
271 379
271 513
271 515
271 595
272 28
272 110
272 254
272 274
272 284
272 308
272 326
272 380
272 514
272 596
273 31
273 111
273 255
273 271
273 277
273 279
273 285
273 309
273 327
273 381
273 517
273 597
274 30
274 32
274 112
274 256
274 270
274 272
274 276
274 278
274 280
274 286
274 310
274 328
274 382
274 516
274 518
274 598
275 31
275 113
275 257
275 271
275 277
275 281
275 287
275 311
275 329
275 383
275 517
275 599
276 34
276 114
276 258
276 274
276 282
276 312
276 330
276 384
276 520
276 600
277 33
277 35
277 115
277 259
277 273
277 275
277 283
277 313
277 331
277 385
277 519
277 521
277 601
278 34
278 116
278 260
278 274
278 284
278 314
278 332
278 386
278 520
278 602
279 37
279 117
279 243
279 261
279 273
279 283
279 291
279 297
279 315
279 333
279 387
279 523
279 603
280 36
280 38
280 118
280 244
280 262
280 274
280 282
280 284
280 292
280 298
280 316
280 334
280 388
280 522
280 524
280 604
281 37
281 119
281 245
281 263
281 275
281 283
281 293
281 299
281 317
281 335
281 389
281 523
281 605
282 40
282 120
282 246
282 264
282 270
282 276
282 280
282 286
282 288
282 294
282 300
282 318
282 336
282 390
282 526
282 606
283 39
283 41
283 121
283 247
283 265
283 271
283 277
283 279
283 281
283 285
283 287
283 289
283 295
283 301
283 319
283 337
283 391
283 525
283 527
283 607
284 40
284 122
284 248
284 266
284 272
284 278
284 280
284 286
284 290
284 296
284 302
284 320
284 338
284 392
284 526
284 608
285 43
285 123
285 249
285 267
285 273
285 283
285 291
285 303
285 321
285 339
285 393
285 529
285 609
286 42
286 44
286 124
286 250
286 268
286 274
286 282
286 284
286 292
286 304
286 322
286 340
286 394
286 528
286 530
286 610
287 43
287 125
287 251
287 269
287 275
287 283
287 293
287 305
287 323
287 341
287 395
287 529
287 611
288 46
288 126
288 252
288 282
288 292
288 306
288 342
288 396
288 532
288 612
289 45
289 47
289 127
289 253
289 283
289 291
289 293
289 307
289 343
289 397
289 531
289 533
289 613
290 46
290 128
290 254
290 284
290 292
290 308
290 344
290 398
290 532
290 614
291 49
291 129
291 255
291 279
291 285
291 289
291 295
291 309
291 345
291 399
291 535
291 615
292 48
292 50
292 130
292 256
292 280
292 286
292 288
292 290
292 294
292 296
292 310
292 346
292 400
292 534
292 536
292 616
293 49
293 131
293 257
293 281
293 287
293 289
293 295
293 311
293 347
293 401
293 535
293 617
294 52
294 132
294 258
294 282
294 292
294 312
294 348
294 402
294 538
294 618
295 51
295 53
295 133
295 259
295 283
295 291
295 293
295 313
295 349
295 403
295 537
295 539
295 619
296 52
296 134
296 260
296 284
296 292
296 314
296 350
296 404
296 538
296 620
297 55
297 135
297 279
297 301
297 309
297 351
297 541
297 621
298 54
298 56
298 136
298 280
298 300
298 302
298 310
298 352
298 540
298 542
298 622
299 55
299 137
299 281
299 301
299 311
299 353
299 541
299 623
300 58
300 138
300 282
300 298
300 304
300 306
300 312
300 354
300 544
300 624
301 57
301 59
301 139
301 283
301 297
301 299
301 303
301 305
301 307
301 313
301 355
301 543
301 545
301 625
302 58
302 140
302 284
302 298
302 304
302 308
302 314
302 356
302 544
302 626
303 61
303 141
303 285
303 301
303 309
303 357
303 547
303 627
304 60
304 62
304 142
304 286
304 300
304 302
304 310
304 358
304 546
304 548
304 628
305 61
305 143
305 287
305 301
305 311
305 359
305 547
305 629
306 64
306 144
306 270
306 288
306 300
306 310
306 318
306 360
306 550
306 630
307 63
307 65
307 145
307 271
307 289
307 301
307 309
307 311
307 319
307 361
307 549
307 551
307 631
308 64
308 146
308 272
308 290
308 302
308 310
308 320
308 362
308 550
308 632
309 67
309 147
309 273
309 291
309 297
309 303
309 307
309 313
309 315
309 321
309 363
309 553
309 633
310 66
310 68
310 148
310 274
310 292
310 298
310 304
310 306
310 308
310 312
310 314
310 316
310 322
310 364
310 552
310 554
310 634
311 67
311 149
311 275
311 293
311 299
311 305
311 307
311 313
311 317
311 323
311 365
311 553
311 635
312 70
312 150
312 276
312 294
312 300
312 310
312 318
312 366
312 556
312 636
313 69
313 71
313 151
313 277
313 295
313 301
313 309
313 311
313 319
313 367
313 555
313 557
313 637
314 70
314 152
314 278
314 296
314 302
314 310
314 320
314 368
314 556
314 638
315 73
315 153
315 279
315 309
315 319
315 369
315 559
315 639
316 72
316 74
316 154
316 280
316 310
316 318
316 320
316 370
316 558
316 560
316 640
317 73
317 155
317 281
317 311
317 319
317 371
317 559
317 641
318 76
318 156
318 282
318 306
318 312
318 316
318 322
318 372
318 562
318 642
319 75
319 77
319 157
319 283
319 307
319 313
319 315
319 317
319 321
319 323
319 373
319 561
319 563
319 643
320 76
320 158
320 284
320 308
320 314
320 316
320 322
320 374
320 562
320 644
321 79
321 159
321 285
321 309
321 319
321 375
321 565
321 645
322 78
322 80
322 160
322 286
322 310
322 318
322 320
322 376
322 564
322 566
322 646
323 79
323 161
323 287
323 311
323 319
323 377
323 565
323 647
324 0
324 82
324 162
324 270
324 328
324 336
324 360
324 432
324 486
324 568
324 648
325 1
325 81
325 83
325 163
325 271
325 327
325 329
325 337
325 361
325 433
325 487
325 567
325 569
325 649
326 2
326 82
326 164
326 272
326 328
326 338
326 362
326 434
326 488
326 568
326 650
327 3
327 85
327 165
327 273
327 325
327 331
327 333
327 339
327 363
327 435
327 489
327 571
327 651
328 4
328 84
328 86
328 166
328 274
328 324
328 326
328 330
328 332
328 334
328 340
328 364
328 436
328 490
328 570
328 572
328 652
329 5
329 85
329 167
329 275
329 325
329 331
329 335
329 341
329 365
329 437
329 491
329 571
329 653
330 6
330 88
330 168
330 276
330 328
330 336
330 366
330 438
330 492
330 574
330 654
331 7
331 87
331 89
331 169
331 277
331 327
331 329
331 337
331 367
331 439
331 493
331 573
331 575
331 655
332 8
332 88
332 170
332 278
332 328
332 338
332 368
332 440
332 494
332 574
332 656
333 9
333 91
333 171
333 279
333 327
333 337
333 345
333 351
333 369
333 441
333 495
333 577
333 657
334 10
334 90
334 92
334 172
334 280
334 328
334 336
334 338
334 346
334 352
334 370
334 442
334 496
334 576
334 578
334 658
335 11
335 91
335 173
335 281
335 329
335 337
335 347
335 353
335 371
335 443
335 497
335 577
335 659
336 12
336 94
336 174
336 282
336 324
336 330
336 334
336 340
336 342
336 348
336 354
336 372
336 444
336 498
336 580
336 660
337 13
337 93
337 95
337 175
337 283
337 325
337 331
337 333
337 335
337 339
337 341
337 343
337 349
337 355
337 373
337 445
337 499
337 579
337 581
337 661
338 14
338 94
338 176
338 284
338 326
338 332
338 334
338 340
338 344
338 350
338 356
338 374
338 446
338 500
338 580
338 662
339 15
339 97
339 177
339 285
339 327
339 337
339 345
339 357
339 375
339 447
339 501
339 583
339 663
340 16
340 96
340 98
340 178
340 286
340 328
340 336
340 338
340 346
340 358
340 376
340 448
340 502
340 582
340 584
340 664
341 17
341 97
341 179
341 287
341 329
341 337
341 347
341 359
341 377
341 449
341 503
341 583
341 665
342 18
342 100
342 180
342 288
342 336
342 346
342 360
342 450
342 504
342 586
342 666
343 19
343 99
343 101
343 181
343 289
343 337
343 345
343 347
343 361
343 451
343 505
343 585
343 587
343 667
344 20
344 100
344 182
344 290
344 338
344 346
344 362
344 452
344 506
344 586
344 668
345 21
345 103
345 183
345 291
345 333
345 339
345 343
345 349
345 363
345 453
345 507
345 589
345 669
346 22
346 102
346 104
346 184
346 292
346 334
346 340
346 342
346 344
346 348
346 350
346 364
346 454
346 508
346 588
346 590
346 670
347 23
347 103
347 185
347 293
347 335
347 341
347 343
347 349
347 365
347 455
347 509
347 589
347 671
348 24
348 106
348 186
348 294
348 336
348 346
348 366
348 456
348 510
348 592
348 672
349 25
349 105
349 107
349 187
349 295
349 337
349 345
349 347
349 367
349 457
349 511
349 591
349 593
349 673
350 26
350 106
350 188
350 296
350 338
350 346
350 368
350 458
350 512
350 592
350 674
351 27
351 109
351 189
351 243
351 297
351 333
351 355
351 363
351 387
351 405
351 459
351 513
351 595
351 675
352 28
352 108
352 110
352 190
352 244
352 298
352 334
352 354
352 356
352 364
352 388
352 406
352 460
352 514
352 594
352 596
352 676
353 29
353 109
353 191
353 245
353 299
353 335
353 355
353 365
353 389
353 407
353 461
353 515
353 595
353 677
354 30
354 112
354 192
354 246
354 300
354 336
354 352
354 358
354 360
354 366
354 390
354 408
354 462
354 516
354 598
354 678
355 31
355 111
355 113
355 193
355 247
355 301
355 337
355 351
355 353
355 357
355 359
355 361
355 367
355 391
355 409
355 463
355 517
355 597
355 599
355 679
356 32
356 112
356 194
356 248
356 302
356 338
356 352
356 358
356 362
356 368
356 392
356 410
356 464
356 518
356 598
356 680
357 33
357 115
357 195
357 249
357 303
357 339
357 355
357 363
357 393
357 411
357 465
357 519
357 601
357 681
358 34
358 114
358 116
358 196
358 250
358 304
358 340
358 354
358 356
358 364
358 394
358 412
358 466
358 520
358 600
358 602
358 682
359 35
359 115
359 197
359 251
359 305
359 341
359 355
359 365
359 395
359 413
359 467
359 521
359 601
359 683
360 36
360 118
360 198
360 252
360 306
360 324
360 342
360 354
360 364
360 372
360 378
360 396
360 414
360 468
360 522
360 604
360 684
361 37
361 117
361 119
361 199
361 253
361 307
361 325
361 343
361 355
361 363
361 365
361 373
361 379
361 397
361 415
361 469
361 523
361 603
361 605
361 685
362 38
362 118
362 200
362 254
362 308
362 326
362 344
362 356
362 364
362 374
362 380
362 398
362 416
362 470
362 524
362 604
362 686
363 39
363 121
363 201
363 255
363 309
363 327
363 345
363 351
363 357
363 361
363 367
363 369
363 375
363 381
363 399
363 417
363 471
363 525
363 607
363 687
364 40
364 120
364 122
364 202
364 256
364 310
364 328
364 346
364 352
364 358
364 360
364 362
364 366
364 368
364 370
364 376
364 382
364 400
364 418
364 472
364 526
364 606
364 608
364 688
365 41
365 121
365 203
365 257
365 311
365 329
365 347
365 353
365 359
365 361
365 367
365 371
365 377
365 383
365 401
365 419
365 473
365 527
365 607
365 689
366 42
366 124
366 204
366 258
366 312
366 330
366 348
366 354
366 364
366 372
366 384
366 402
366 420
366 474
366 528
366 610
366 690
367 43
367 123
367 125
367 205
367 259
367 313
367 331
367 349
367 355
367 363
367 365
367 373
367 385
367 403
367 421
367 475
367 529
367 609
367 611
367 691
368 44
368 124
368 206
368 260
368 314
368 332
368 350
368 356
368 364
368 374
368 386
368 404
368 422
368 476
368 530
368 610
368 692
369 45
369 127
369 207
369 261
369 315
369 333
369 363
369 373
369 387
369 423
369 477
369 531
369 613
369 693
370 46
370 126
370 128
370 208
370 262
370 316
370 334
370 364
370 372
370 374
370 388
370 424
370 478
370 532
370 612
370 614
370 694
371 47
371 127
371 209
371 263
371 317
371 335
371 365
371 373
371 389
371 425
371 479
371 533
371 613
371 695
372 48
372 130
372 210
372 264
372 318
372 336
372 360
372 366
372 370
372 376
372 390
372 426
372 480
372 534
372 616
372 696
373 49
373 129
373 131
373 211
373 265
373 319
373 337
373 361
373 367
373 369
373 371
373 375
373 377
373 391
373 427
373 481
373 535
373 615
373 617
373 697
374 50
374 130
374 212
374 266
374 320
374 338
374 362
374 368
374 370
374 376
374 392
374 428
374 482
374 536
374 616
374 698
375 51
375 133
375 213
375 267
375 321
375 339
375 363
375 373
375 393
375 429
375 483
375 537
375 619
375 699
376 52
376 132
376 134
376 214
376 268
376 322
376 340
376 364
376 372
376 374
376 394
376 430
376 484
376 538
376 618
376 620
376 700
377 53
377 133
377 215
377 269
377 323
377 341
377 365
377 373
377 395
377 431
377 485
377 539
377 619
377 701
378 54
378 136
378 216
378 270
378 360
378 382
378 390
378 432
378 540
378 622
378 702
379 55
379 135
379 137
379 217
379 271
379 361
379 381
379 383
379 391
379 433
379 541
379 621
379 623
379 703
380 56
380 136
380 218
380 272
380 362
380 382
380 392
380 434
380 542
380 622
380 704
381 57
381 139
381 219
381 273
381 363
381 379
381 385
381 387
381 393
381 435
381 543
381 625
381 705
382 58
382 138
382 140
382 220
382 274
382 364
382 378
382 380
382 384
382 386
382 388
382 394
382 436
382 544
382 624
382 626
382 706
383 59
383 139
383 221
383 275
383 365
383 379
383 385
383 389
383 395
383 437
383 545
383 625
383 707
384 60
384 142
384 222
384 276
384 366
384 382
384 390
384 438
384 546
384 628
384 708
385 61
385 141
385 143
385 223
385 277
385 367
385 381
385 383
385 391
385 439
385 547
385 627
385 629
385 709
386 62
386 142
386 224
386 278
386 368
386 382
386 392
386 440
386 548
386 628
386 710
387 63
387 145
387 225
387 279
387 351
387 369
387 381
387 391
387 399
387 441
387 549
387 631
387 711
388 64
388 144
388 146
388 226
388 280
388 352
388 370
388 382
388 390
388 392
388 400
388 442
388 550
388 630
388 632
388 712
389 65
389 145
389 227
389 281
389 353
389 371
389 383
389 391
389 401
389 443
389 551
389 631
389 713
390 66
390 148
390 228
390 282
390 354
390 372
390 378
390 384
390 388
390 394
390 396
390 402
390 444
390 552
390 634
390 714
391 67
391 147
391 149
391 229
391 283
391 355
391 373
391 379
391 385
391 387
391 389
391 393
391 395
391 397
391 403
391 445
391 553
391 633
391 635
391 715
392 68
392 148
392 230
392 284
392 356
392 374
392 380
392 386
392 388
392 394
392 398
392 404
392 446
392 554
392 634
392 716
393 69
393 151
393 231
393 285
393 357
393 375
393 381
393 391
393 399
393 447
393 555
393 637
393 717
394 70
394 150
394 152
394 232
394 286
394 358
394 376
394 382
394 390
394 392
394 400
394 448
394 556
394 636
394 638
394 718
395 71
395 151
395 233
395 287
395 359
395 377
395 383
395 391
395 401
395 449
395 557
395 637
395 719
396 72
396 154
396 234
396 288
396 360
396 390
396 400
396 450
396 558
396 640
396 720
397 73
397 153
397 155
397 235
397 289
397 361
397 391
397 399
397 401
397 451
397 559
397 639
397 641
397 721
398 74
398 154
398 236
398 290
398 362
398 392
398 400
398 452
398 560
398 640
398 722
399 75
399 157
399 237
399 291
399 363
399 387
399 393
399 397
399 403
399 453
399 561
399 643
399 723
400 76
400 156
400 158
400 238
400 292
400 364
400 388
400 394
400 396
400 398
400 402
400 404
400 454
400 562
400 642
400 644
400 724
401 77
401 157
401 239
401 293
401 365
401 389
401 395
401 397
401 403
401 455
401 563
401 643
401 725
402 78
402 160
402 240
402 294
402 366
402 390
402 400
402 456
402 564
402 646
402 726
403 79
403 159
403 161
403 241
403 295
403 367
403 391
403 399
403 401
403 457
403 565
403 645
403 647
403 727
404 80
404 160
404 242
404 296
404 368
404 392
404 400
404 458
404 566
404 646
404 728
405 81
405 163
405 351
405 409
405 417
405 441
405 567
405 649
406 82
406 162
406 164
406 352
406 408
406 410
406 418
406 442
406 568
406 648
406 650
407 83
407 163
407 353
407 409
407 419
407 443
407 569
407 649
408 84
408 166
408 354
408 406
408 412
408 414
408 420
408 444
408 570
408 652
409 85
409 165
409 167
409 355
409 405
409 407
409 411
409 413
409 415
409 421
409 445
409 571
409 651
409 653
410 86
410 166
410 356
410 406
410 412
410 416
410 422
410 446
410 572
410 652
411 87
411 169
411 357
411 409
411 417
411 447
411 573
411 655
412 88
412 168
412 170
412 358
412 408
412 410
412 418
412 448
412 574
412 654
412 656
413 89
413 169
413 359
413 409
413 419
413 449
413 575
413 655
414 90
414 172
414 360
414 408
414 418
414 426
414 432
414 450
414 576
414 658
415 91
415 171
415 173
415 361
415 409
415 417
415 419
415 427
415 433
415 451
415 577
415 657
415 659
416 92
416 172
416 362
416 410
416 418
416 428
416 434
416 452
416 578
416 658
417 93
417 175
417 363
417 405
417 411
417 415
417 421
417 423
417 429
417 435
417 453
417 579
417 661
418 94
418 174
418 176
418 364
418 406
418 412
418 414
418 416
418 420
418 422
418 424
418 430
418 436
418 454
418 580
418 660
418 662
419 95
419 175
419 365
419 407
419 413
419 415
419 421
419 425
419 431
419 437
419 455
419 581
419 661
420 96
420 178
420 366
420 408
420 418
420 426
420 438
420 456
420 582
420 664
421 97
421 177
421 179
421 367
421 409
421 417
421 419
421 427
421 439
421 457
421 583
421 663
421 665
422 98
422 178
422 368
422 410
422 418
422 428
422 440
422 458
422 584
422 664
423 99
423 181
423 369
423 417
423 427
423 441
423 585
423 667
424 100
424 180
424 182
424 370
424 418
424 426
424 428
424 442
424 586
424 666
424 668
425 101
425 181
425 371
425 419
425 427
425 443
425 587
425 667
426 102
426 184
426 372
426 414
426 420
426 424
426 430
426 444
426 588
426 670
427 103
427 183
427 185
427 373
427 415
427 421
427 423
427 425
427 429
427 431
427 445
427 589
427 669
427 671
428 104
428 184
428 374
428 416
428 422
428 424
428 430
428 446
428 590
428 670
429 105
429 187
429 375
429 417
429 427
429 447
429 591
429 673
430 106
430 186
430 188
430 376
430 418
430 426
430 428
430 448
430 592
430 672
430 674
431 107
431 187
431 377
431 419
431 427
431 449
431 593
431 673
432 108
432 190
432 324
432 378
432 414
432 436
432 444
432 468
432 594
432 676
433 109
433 189
433 191
433 325
433 379
433 415
433 435
433 437
433 445
433 469
433 595
433 675
433 677
434 110
434 190
434 326
434 380
434 416
434 436
434 446
434 470
434 596
434 676
435 111
435 193
435 327
435 381
435 417
435 433
435 439
435 441
435 447
435 471
435 597
435 679
436 112
436 192
436 194
436 328
436 382
436 418
436 432
436 434
436 438
436 440
436 442
436 448
436 472
436 598
436 678
436 680
437 113
437 193
437 329
437 383
437 419
437 433
437 439
437 443
437 449
437 473
437 599
437 679
438 114
438 196
438 330
438 384
438 420
438 436
438 444
438 474
438 600
438 682
439 115
439 195
439 197
439 331
439 385
439 421
439 435
439 437
439 445
439 475
439 601
439 681
439 683
440 116
440 196
440 332
440 386
440 422
440 436
440 446
440 476
440 602
440 682
441 117
441 199
441 333
441 387
441 405
441 423
441 435
441 445
441 453
441 459
441 477
441 603
441 685
442 118
442 198
442 200
442 334
442 388
442 406
442 424
442 436
442 444
442 446
442 454
442 460
442 478
442 604
442 684
442 686
443 119
443 199
443 335
443 389
443 407
443 425
443 437
443 445
443 455
443 461
443 479
443 605
443 685
444 120
444 202
444 336
444 390
444 408
444 426
444 432
444 438
444 442
444 448
444 450
444 456
444 462
444 480
444 606
444 688
445 121
445 201
445 203
445 337
445 391
445 409
445 427
445 433
445 439
445 441
445 443
445 447
445 449
445 451
445 457
445 463
445 481
445 607
445 687
445 689
446 122
446 202
446 338
446 392
446 410
446 428
446 434
446 440
446 442
446 448
446 452
446 458
446 464
446 482
446 608
446 688
447 123
447 205
447 339
447 393
447 411
447 429
447 435
447 445
447 453
447 465
447 483
447 609
447 691
448 124
448 204
448 206
448 340
448 394
448 412
448 430
448 436
448 444
448 446
448 454
448 466
448 484
448 610
448 690
448 692
449 125
449 205
449 341
449 395
449 413
449 431
449 437
449 445
449 455
449 467
449 485
449 611
449 691
450 126
450 208
450 342
450 396
450 414
450 444
450 454
450 468
450 612
450 694
451 127
451 207
451 209
451 343
451 397
451 415
451 445
451 453
451 455
451 469
451 613
451 693
451 695
452 128
452 208
452 344
452 398
452 416
452 446
452 454
452 470
452 614
452 694
453 129
453 211
453 345
453 399
453 417
453 441
453 447
453 451
453 457
453 471
453 615
453 697
454 130
454 210
454 212
454 346
454 400
454 418
454 442
454 448
454 450
454 452
454 456
454 458
454 472
454 616
454 696
454 698
455 131
455 211
455 347
455 401
455 419
455 443
455 449
455 451
455 457
455 473
455 617
455 697
456 132
456 214
456 348
456 402
456 420
456 444
456 454
456 474
456 618
456 700
457 133
457 213
457 215
457 349
457 403
457 421
457 445
457 453
457 455
457 475
457 619
457 699
457 701
458 134
458 214
458 350
458 404
458 422
458 446
458 454
458 476
458 620
458 700
459 135
459 217
459 351
459 441
459 463
459 471
459 621
459 703
460 136
460 216
460 218
460 352
460 442
460 462
460 464
460 472
460 622
460 702
460 704
461 137
461 217
461 353
461 443
461 463
461 473
461 623
461 703
462 138
462 220
462 354
462 444
462 460
462 466
462 468
462 474
462 624
462 706
463 139
463 219
463 221
463 355
463 445
463 459
463 461
463 465
463 467
463 469
463 475
463 625
463 705
463 707
464 140
464 220
464 356
464 446
464 460
464 466
464 470
464 476
464 626
464 706
465 141
465 223
465 357
465 447
465 463
465 471
465 627
465 709
466 142
466 222
466 224
466 358
466 448
466 462
466 464
466 472
466 628
466 708
466 710
467 143
467 223
467 359
467 449
467 463
467 473
467 629
467 709
468 144
468 226
468 360
468 432
468 450
468 462
468 472
468 480
468 630
468 712
469 145
469 225
469 227
469 361
469 433
469 451
469 463
469 471
469 473
469 481
469 631
469 711
469 713
470 146
470 226
470 362
470 434
470 452
470 464
470 472
470 482
470 632
470 712
471 147
471 229
471 363
471 435
471 453
471 459
471 465
471 469
471 475
471 477
471 483
471 633
471 715
472 148
472 228
472 230
472 364
472 436
472 454
472 460
472 466
472 468
472 470
472 474
472 476
472 478
472 484
472 634
472 714
472 716
473 149
473 229
473 365
473 437
473 455
473 461
473 467
473 469
473 475
473 479
473 485
473 635
473 715
474 150
474 232
474 366
474 438
474 456
474 462
474 472
474 480
474 636
474 718
475 151
475 231
475 233
475 367
475 439
475 457
475 463
475 471
475 473
475 481
475 637
475 717
475 719
476 152
476 232
476 368
476 440
476 458
476 464
476 472
476 482
476 638
476 718
477 153
477 235
477 369
477 441
477 471
477 481
477 639
477 721
478 154
478 234
478 236
478 370
478 442
478 472
478 480
478 482
478 640
478 720
478 722
479 155
479 235
479 371
479 443
479 473
479 481
479 641
479 721
480 156
480 238
480 372
480 444
480 468
480 474
480 478
480 484
480 642
480 724
481 157
481 237
481 239
481 373
481 445
481 469
481 475
481 477
481 479
481 483
481 485
481 643
481 723
481 725
482 158
482 238
482 374
482 446
482 470
482 476
482 478
482 484
482 644
482 724
483 159
483 241
483 375
483 447
483 471
483 481
483 645
483 727
484 160
484 240
484 242
484 376
484 448
484 472
484 480
484 482
484 646
484 726
484 728
485 161
485 241
485 377
485 449
485 473
485 481
485 647
485 727
486 244
486 324
486 490
486 498
486 522
486 594
487 243
487 245
487 325
487 489
487 491
487 499
487 523
487 595
488 244
488 326
488 490
488 500
488 524
488 596
489 247
489 327
489 487
489 493
489 495
489 501
489 525
489 597
490 246
490 248
490 328
490 486
490 488
490 492
490 494
490 496
490 502
490 526
490 598
491 247
491 329
491 487
491 493
491 497
491 503
491 527
491 599
492 250
492 330
492 490
492 498
492 528
492 600
493 249
493 251
493 331
493 489
493 491
493 499
493 529
493 601
494 250
494 332
494 490
494 500
494 530
494 602
495 253
495 333
495 489
495 499
495 507
495 513
495 531
495 603
496 252
496 254
496 334
496 490
496 498
496 500
496 508
496 514
496 532
496 604
497 253
497 335
497 491
497 499
497 509
497 515
497 533
497 605
498 256
498 336
498 486
498 492
498 496
498 502
498 504
498 510
498 516
498 534
498 606
499 255
499 257
499 337
499 487
499 493
499 495
499 497
499 501
499 503
499 505
499 511
499 517
499 535
499 607
500 256
500 338
500 488
500 494
500 496
500 502
500 506
500 512
500 518
500 536
500 608
501 259
501 339
501 489
501 499
501 507
501 519
501 537
501 609
502 258
502 260
502 340
502 490
502 498
502 500
502 508
502 520
502 538
502 610
503 259
503 341
503 491
503 499
503 509
503 521
503 539
503 611
504 262
504 342
504 498
504 508
504 522
504 612
505 261
505 263
505 343
505 499
505 507
505 509
505 523
505 613
506 262
506 344
506 500
506 508
506 524
506 614
507 265
507 345
507 495
507 501
507 505
507 511
507 525
507 615
508 264
508 266
508 346
508 496
508 502
508 504
508 506
508 510
508 512
508 526
508 616
509 265
509 347
509 497
509 503
509 505
509 511
509 527
509 617
510 268
510 348
510 498
510 508
510 528
510 618
511 267
511 269
511 349
511 499
511 507
511 509
511 529
511 619
512 268
512 350
512 500
512 508
512 530
512 620
513 271
513 351
513 495
513 517
513 525
513 549
513 567
513 621
514 270
514 272
514 352
514 496
514 516
514 518
514 526
514 550
514 568
514 622
515 271
515 353
515 497
515 517
515 527
515 551
515 569
515 623
516 274
516 354
516 498
516 514
516 520
516 522
516 528
516 552
516 570
516 624
517 273
517 275
517 355
517 499
517 513
517 515
517 519
517 521
517 523
517 529
517 553
517 571
517 625
518 274
518 356
518 500
518 514
518 520
518 524
518 530
518 554
518 572
518 626
519 277
519 357
519 501
519 517
519 525
519 555
519 573
519 627
520 276
520 278
520 358
520 502
520 516
520 518
520 526
520 556
520 574
520 628
521 277
521 359
521 503
521 517
521 527
521 557
521 575
521 629
522 280
522 360
522 486
522 504
522 516
522 526
522 534
522 540
522 558
522 576
522 630
523 279
523 281
523 361
523 487
523 505
523 517
523 525
523 527
523 535
523 541
523 559
523 577
523 631
524 280
524 362
524 488
524 506
524 518
524 526
524 536
524 542
524 560
524 578
524 632
525 283
525 363
525 489
525 507
525 513
525 519
525 523
525 529
525 531
525 537
525 543
525 561
525 579
525 633
526 282
526 284
526 364
526 490
526 508
526 514
526 520
526 522
526 524
526 528
526 530
526 532
526 538
526 544
526 562
526 580
526 634
527 283
527 365
527 491
527 509
527 515
527 521
527 523
527 529
527 533
527 539
527 545
527 563
527 581
527 635
528 286
528 366
528 492
528 510
528 516
528 526
528 534
528 546
528 564
528 582
528 636
529 285
529 287
529 367
529 493
529 511
529 517
529 525
529 527
529 535
529 547
529 565
529 583
529 637
530 286
530 368
530 494
530 512
530 518
530 526
530 536
530 548
530 566
530 584
530 638
531 289
531 369
531 495
531 525
531 535
531 549
531 585
531 639
532 288
532 290
532 370
532 496
532 526
532 534
532 536
532 550
532 586
532 640
533 289
533 371
533 497
533 527
533 535
533 551
533 587
533 641
534 292
534 372
534 498
534 522
534 528
534 532
534 538
534 552
534 588
534 642
535 291
535 293
535 373
535 499
535 523
535 529
535 531
535 533
535 537
535 539
535 553
535 589
535 643
536 292
536 374
536 500
536 524
536 530
536 532
536 538
536 554
536 590
536 644
537 295
537 375
537 501
537 525
537 535
537 555
537 591
537 645
538 294
538 296
538 376
538 502
538 526
538 534
538 536
538 556
538 592
538 646
539 295
539 377
539 503
539 527
539 535
539 557
539 593
539 647
540 298
540 378
540 522
540 544
540 552
540 594
541 297
541 299
541 379
541 523
541 543
541 545
541 553
541 595
542 298
542 380
542 524
542 544
542 554
542 596
543 301
543 381
543 525
543 541
543 547
543 549
543 555
543 597
544 300
544 302
544 382
544 526
544 540
544 542
544 546
544 548
544 550
544 556
544 598
545 301
545 383
545 527
545 541
545 547
545 551
545 557
545 599
546 304
546 384
546 528
546 544
546 552
546 600
547 303
547 305
547 385
547 529
547 543
547 545
547 553
547 601
548 304
548 386
548 530
548 544
548 554
548 602
549 307
549 387
549 513
549 531
549 543
549 553
549 561
549 603
550 306
550 308
550 388
550 514
550 532
550 544
550 552
550 554
550 562
550 604
551 307
551 389
551 515
551 533
551 545
551 553
551 563
551 605
552 310
552 390
552 516
552 534
552 540
552 546
552 550
552 556
552 558
552 564
552 606
553 309
553 311
553 391
553 517
553 535
553 541
553 547
553 549
553 551
553 555
553 557
553 559
553 565
553 607
554 310
554 392
554 518
554 536
554 542
554 548
554 550
554 556
554 560
554 566
554 608
555 313
555 393
555 519
555 537
555 543
555 553
555 561
555 609
556 312
556 314
556 394
556 520
556 538
556 544
556 552
556 554
556 562
556 610
557 313
557 395
557 521
557 539
557 545
557 553
557 563
557 611
558 316
558 396
558 522
558 552
558 562
558 612
559 315
559 317
559 397
559 523
559 553
559 561
559 563
559 613
560 316
560 398
560 524
560 554
560 562
560 614
561 319
561 399
561 525
561 549
561 555
561 559
561 565
561 615
562 318
562 320
562 400
562 526
562 550
562 556
562 558
562 560
562 564
562 566
562 616
563 319
563 401
563 527
563 551
563 557
563 559
563 565
563 617
564 322
564 402
564 528
564 552
564 562
564 618
565 321
565 323
565 403
565 529
565 553
565 561
565 563
565 619
566 322
566 404
566 530
566 554
566 562
566 620
567 243
567 325
567 405
567 513
567 571
567 579
567 603
567 675
568 244
568 324
568 326
568 406
568 514
568 570
568 572
568 580
568 604
568 676
569 245
569 325
569 407
569 515
569 571
569 581
569 605
569 677
570 246
570 328
570 408
570 516
570 568
570 574
570 576
570 582
570 606
570 678
571 247
571 327
571 329
571 409
571 517
571 567
571 569
571 573
571 575
571 577
571 583
571 607
571 679
572 248
572 328
572 410
572 518
572 568
572 574
572 578
572 584
572 608
572 680
573 249
573 331
573 411
573 519
573 571
573 579
573 609
573 681
574 250
574 330
574 332
574 412
574 520
574 570
574 572
574 580
574 610
574 682
575 251
575 331
575 413
575 521
575 571
575 581
575 611
575 683
576 252
576 334
576 414
576 522
576 570
576 580
576 588
576 594
576 612
576 684
577 253
577 333
577 335
577 415
577 523
577 571
577 579
577 581
577 589
577 595
577 613
577 685
578 254
578 334
578 416
578 524
578 572
578 580
578 590
578 596
578 614
578 686
579 255
579 337
579 417
579 525
579 567
579 573
579 577
579 583
579 585
579 591
579 597
579 615
579 687
580 256
580 336
580 338
580 418
580 526
580 568
580 574
580 576
580 578
580 582
580 584
580 586
580 592
580 598
580 616
580 688
581 257
581 337
581 419
581 527
581 569
581 575
581 577
581 583
581 587
581 593
581 599
581 617
581 689
582 258
582 340
582 420
582 528
582 570
582 580
582 588
582 600
582 618
582 690
583 259
583 339
583 341
583 421
583 529
583 571
583 579
583 581
583 589
583 601
583 619
583 691
584 260
584 340
584 422
584 530
584 572
584 580
584 590
584 602
584 620
584 692
585 261
585 343
585 423
585 531
585 579
585 589
585 603
585 693
586 262
586 342
586 344
586 424
586 532
586 580
586 588
586 590
586 604
586 694
587 263
587 343
587 425
587 533
587 581
587 589
587 605
587 695
588 264
588 346
588 426
588 534
588 576
588 582
588 586
588 592
588 606
588 696
589 265
589 345
589 347
589 427
589 535
589 577
589 583
589 585
589 587
589 591
589 593
589 607
589 697
590 266
590 346
590 428
590 536
590 578
590 584
590 586
590 592
590 608
590 698
591 267
591 349
591 429
591 537
591 579
591 589
591 609
591 699
592 268
592 348
592 350
592 430
592 538
592 580
592 588
592 590
592 610
592 700
593 269
593 349
593 431
593 539
593 581
593 589
593 611
593 701
594 270
594 352
594 432
594 486
594 540
594 576
594 598
594 606
594 630
594 648
594 702
595 271
595 351
595 353
595 433
595 487
595 541
595 577
595 597
595 599
595 607
595 631
595 649
595 703
596 272
596 352
596 434
596 488
596 542
596 578
596 598
596 608
596 632
596 650
596 704
597 273
597 355
597 435
597 489
597 543
597 579
597 595
597 601
597 603
597 609
597 633
597 651
597 705
598 274
598 354
598 356
598 436
598 490
598 544
598 580
598 594
598 596
598 600
598 602
598 604
598 610
598 634
598 652
598 706
599 275
599 355
599 437
599 491
599 545
599 581
599 595
599 601
599 605
599 611
599 635
599 653
599 707
600 276
600 358
600 438
600 492
600 546
600 582
600 598
600 606
600 636
600 654
600 708
601 277
601 357
601 359
601 439
601 493
601 547
601 583
601 597
601 599
601 607
601 637
601 655
601 709
602 278
602 358
602 440
602 494
602 548
602 584
602 598
602 608
602 638
602 656
602 710
603 279
603 361
603 441
603 495
603 549
603 567
603 585
603 597
603 607
603 615
603 621
603 639
603 657
603 711
604 280
604 360
604 362
604 442
604 496
604 550
604 568
604 586
604 598
604 606
604 608
604 616
604 622
604 640
604 658
604 712
605 281
605 361
605 443
605 497
605 551
605 569
605 587
605 599
605 607
605 617
605 623
605 641
605 659
605 713
606 282
606 364
606 444
606 498
606 552
606 570
606 588
606 594
606 600
606 604
606 610
606 612
606 618
606 624
606 642
606 660
606 714
607 283
607 363
607 365
607 445
607 499
607 553
607 571
607 589
607 595
607 601
607 603
607 605
607 609
607 611
607 613
607 619
607 625
607 643
607 661
607 715
608 284
608 364
608 446
608 500
608 554
608 572
608 590
608 596
608 602
608 604
608 610
608 614
608 620
608 626
608 644
608 662
608 716
609 285
609 367
609 447
609 501
609 555
609 573
609 591
609 597
609 607
609 615
609 627
609 645
609 663
609 717
610 286
610 366
610 368
610 448
610 502
610 556
610 574
610 592
610 598
610 606
610 608
610 616
610 628
610 646
610 664
610 718
611 287
611 367
611 449
611 503
611 557
611 575
611 593
611 599
611 607
611 617
611 629
611 647
611 665
611 719
612 288
612 370
612 450
612 504
612 558
612 576
612 606
612 616
612 630
612 666
612 720
613 289
613 369
613 371
613 451
613 505
613 559
613 577
613 607
613 615
613 617
613 631
613 667
613 721
614 290
614 370
614 452
614 506
614 560
614 578
614 608
614 616
614 632
614 668
614 722
615 291
615 373
615 453
615 507
615 561
615 579
615 603
615 609
615 613
615 619
615 633
615 669
615 723
616 292
616 372
616 374
616 454
616 508
616 562
616 580
616 604
616 610
616 612
616 614
616 618
616 620
616 634
616 670
616 724
617 293
617 373
617 455
617 509
617 563
617 581
617 605
617 611
617 613
617 619
617 635
617 671
617 725
618 294
618 376
618 456
618 510
618 564
618 582
618 606
618 616
618 636
618 672
618 726
619 295
619 375
619 377
619 457
619 511
619 565
619 583
619 607
619 615
619 617
619 637
619 673
619 727
620 296
620 376
620 458
620 512
620 566
620 584
620 608
620 616
620 638
620 674
620 728
621 297
621 379
621 459
621 513
621 603
621 625
621 633
621 675
622 298
622 378
622 380
622 460
622 514
622 604
622 624
622 626
622 634
622 676
623 299
623 379
623 461
623 515
623 605
623 625
623 635
623 677
624 300
624 382
624 462
624 516
624 606
624 622
624 628
624 630
624 636
624 678
625 301
625 381
625 383
625 463
625 517
625 607
625 621
625 623
625 627
625 629
625 631
625 637
625 679
626 302
626 382
626 464
626 518
626 608
626 622
626 628
626 632
626 638
626 680
627 303
627 385
627 465
627 519
627 609
627 625
627 633
627 681
628 304
628 384
628 386
628 466
628 520
628 610
628 624
628 626
628 634
628 682
629 305
629 385
629 467
629 521
629 611
629 625
629 635
629 683
630 306
630 388
630 468
630 522
630 594
630 612
630 624
630 634
630 642
630 684
631 307
631 387
631 389
631 469
631 523
631 595
631 613
631 625
631 633
631 635
631 643
631 685
632 308
632 388
632 470
632 524
632 596
632 614
632 626
632 634
632 644
632 686
633 309
633 391
633 471
633 525
633 597
633 615
633 621
633 627
633 631
633 637
633 639
633 645
633 687
634 310
634 390
634 392
634 472
634 526
634 598
634 616
634 622
634 628
634 630
634 632
634 636
634 638
634 640
634 646
634 688
635 311
635 391
635 473
635 527
635 599
635 617
635 623
635 629
635 631
635 637
635 641
635 647
635 689
636 312
636 394
636 474
636 528
636 600
636 618
636 624
636 634
636 642
636 690
637 313
637 393
637 395
637 475
637 529
637 601
637 619
637 625
637 633
637 635
637 643
637 691
638 314
638 394
638 476
638 530
638 602
638 620
638 626
638 634
638 644
638 692
639 315
639 397
639 477
639 531
639 603
639 633
639 643
639 693
640 316
640 396
640 398
640 478
640 532
640 604
640 634
640 642
640 644
640 694
641 317
641 397
641 479
641 533
641 605
641 635
641 643
641 695
642 318
642 400
642 480
642 534
642 606
642 630
642 636
642 640
642 646
642 696
643 319
643 399
643 401
643 481
643 535
643 607
643 631
643 637
643 639
643 641
643 645
643 647
643 697
644 320
644 400
644 482
644 536
644 608
644 632
644 638
644 640
644 646
644 698
645 321
645 403
645 483
645 537
645 609
645 633
645 643
645 699
646 322
646 402
646 404
646 484
646 538
646 610
646 634
646 642
646 644
646 700
647 323
647 403
647 485
647 539
647 611
647 635
647 643
647 701
648 324
648 406
648 594
648 652
648 660
648 684
649 325
649 405
649 407
649 595
649 651
649 653
649 661
649 685
650 326
650 406
650 596
650 652
650 662
650 686
651 327
651 409
651 597
651 649
651 655
651 657
651 663
651 687
652 328
652 408
652 410
652 598
652 648
652 650
652 654
652 656
652 658
652 664
652 688
653 329
653 409
653 599
653 649
653 655
653 659
653 665
653 689
654 330
654 412
654 600
654 652
654 660
654 690
655 331
655 411
655 413
655 601
655 651
655 653
655 661
655 691
656 332
656 412
656 602
656 652
656 662
656 692
657 333
657 415
657 603
657 651
657 661
657 669
657 675
657 693
658 334
658 414
658 416
658 604
658 652
658 660
658 662
658 670
658 676
658 694
659 335
659 415
659 605
659 653
659 661
659 671
659 677
659 695
660 336
660 418
660 606
660 648
660 654
660 658
660 664
660 666
660 672
660 678
660 696
661 337
661 417
661 419
661 607
661 649
661 655
661 657
661 659
661 663
661 665
661 667
661 673
661 679
661 697
662 338
662 418
662 608
662 650
662 656
662 658
662 664
662 668
662 674
662 680
662 698
663 339
663 421
663 609
663 651
663 661
663 669
663 681
663 699
664 340
664 420
664 422
664 610
664 652
664 660
664 662
664 670
664 682
664 700
665 341
665 421
665 611
665 653
665 661
665 671
665 683
665 701
666 342
666 424
666 612
666 660
666 670
666 684
667 343
667 423
667 425
667 613
667 661
667 669
667 671
667 685
668 344
668 424
668 614
668 662
668 670
668 686
669 345
669 427
669 615
669 657
669 663
669 667
669 673
669 687
670 346
670 426
670 428
670 616
670 658
670 664
670 666
670 668
670 672
670 674
670 688
671 347
671 427
671 617
671 659
671 665
671 667
671 673
671 689
672 348
672 430
672 618
672 660
672 670
672 690
673 349
673 429
673 431
673 619
673 661
673 669
673 671
673 691
674 350
674 430
674 620
674 662
674 670
674 692
675 351
675 433
675 567
675 621
675 657
675 679
675 687
675 711
676 352
676 432
676 434
676 568
676 622
676 658
676 678
676 680
676 688
676 712
677 353
677 433
677 569
677 623
677 659
677 679
677 689
677 713
678 354
678 436
678 570
678 624
678 660
678 676
678 682
678 684
678 690
678 714
679 355
679 435
679 437
679 571
679 625
679 661
679 675
679 677
679 681
679 683
679 685
679 691
679 715
680 356
680 436
680 572
680 626
680 662
680 676
680 682
680 686
680 692
680 716
681 357
681 439
681 573
681 627
681 663
681 679
681 687
681 717
682 358
682 438
682 440
682 574
682 628
682 664
682 678
682 680
682 688
682 718
683 359
683 439
683 575
683 629
683 665
683 679
683 689
683 719
684 360
684 442
684 576
684 630
684 648
684 666
684 678
684 688
684 696
684 702
684 720
685 361
685 441
685 443
685 577
685 631
685 649
685 667
685 679
685 687
685 689
685 697
685 703
685 721
686 362
686 442
686 578
686 632
686 650
686 668
686 680
686 688
686 698
686 704
686 722
687 363
687 445
687 579
687 633
687 651
687 669
687 675
687 681
687 685
687 691
687 693
687 699
687 705
687 723
688 364
688 444
688 446
688 580
688 634
688 652
688 670
688 676
688 682
688 684
688 686
688 690
688 692
688 694
688 700
688 706
688 724
689 365
689 445
689 581
689 635
689 653
689 671
689 677
689 683
689 685
689 691
689 695
689 701
689 707
689 725
690 366
690 448
690 582
690 636
690 654
690 672
690 678
690 688
690 696
690 708
690 726
691 367
691 447
691 449
691 583
691 637
691 655
691 673
691 679
691 687
691 689
691 697
691 709
691 727
692 368
692 448
692 584
692 638
692 656
692 674
692 680
692 688
692 698
692 710
692 728
693 369
693 451
693 585
693 639
693 657
693 687
693 697
693 711
694 370
694 450
694 452
694 586
694 640
694 658
694 688
694 696
694 698
694 712
695 371
695 451
695 587
695 641
695 659
695 689
695 697
695 713
696 372
696 454
696 588
696 642
696 660
696 684
696 690
696 694
696 700
696 714
697 373
697 453
697 455
697 589
697 643
697 661
697 685
697 691
697 693
697 695
697 699
697 701
697 715
698 374
698 454
698 590
698 644
698 662
698 686
698 692
698 694
698 700
698 716
699 375
699 457
699 591
699 645
699 663
699 687
699 697
699 717
700 376
700 456
700 458
700 592
700 646
700 664
700 688
700 696
700 698
700 718
701 377
701 457
701 593
701 647
701 665
701 689
701 697
701 719
702 378
702 460
702 594
702 684
702 706
702 714
703 379
703 459
703 461
703 595
703 685
703 705
703 707
703 715
704 380
704 460
704 596
704 686
704 706
704 716
705 381
705 463
705 597
705 687
705 703
705 709
705 711
705 717
706 382
706 462
706 464
706 598
706 688
706 702
706 704
706 708
706 710
706 712
706 718
707 383
707 463
707 599
707 689
707 703
707 709
707 713
707 719
708 384
708 466
708 600
708 690
708 706
708 714
709 385
709 465
709 467
709 601
709 691
709 705
709 707
709 715
710 386
710 466
710 602
710 692
710 706
710 716
711 387
711 469
711 603
711 675
711 693
711 705
711 715
711 723
712 388
712 468
712 470
712 604
712 676
712 694
712 706
712 714
712 716
712 724
713 389
713 469
713 605
713 677
713 695
713 707
713 715
713 725
714 390
714 472
714 606
714 678
714 696
714 702
714 708
714 712
714 718
714 720
714 726
715 391
715 471
715 473
715 607
715 679
715 697
715 703
715 709
715 711
715 713
715 717
715 719
715 721
715 727
716 392
716 472
716 608
716 680
716 698
716 704
716 710
716 712
716 718
716 722
716 728
717 393
717 475
717 609
717 681
717 699
717 705
717 715
717 723
718 394
718 474
718 476
718 610
718 682
718 700
718 706
718 714
718 716
718 724
719 395
719 475
719 611
719 683
719 701
719 707
719 715
719 725
720 396
720 478
720 612
720 684
720 714
720 724
721 397
721 477
721 479
721 613
721 685
721 715
721 723
721 725
722 398
722 478
722 614
722 686
722 716
722 724
723 399
723 481
723 615
723 687
723 711
723 717
723 721
723 727
724 400
724 480
724 482
724 616
724 688
724 712
724 718
724 720
724 722
724 726
724 728
725 401
725 481
725 617
725 689
725 713
725 719
725 721
725 727
726 402
726 484
726 618
726 690
726 714
726 724
727 403
727 483
727 485
727 619
727 691
727 715
727 723
727 725
728 404
728 484
728 620
728 692
728 716
728 724
TOTAL ENERGY IS 2.992428657020847!
